50 0
62 64
65 0
69 0
65 0
62 0
65 0
62 0
57 0
62 64
53 0
62 64
50 0
62 64
65 0
69 0
65 0
62 0
65 0
62 0
57 0
62 64
53 0
62 64
50 0
62 64
67 0
70 0
67 0
62 0
67 0
62 0
58 0
62 64
55 0
62 64
50 0
62 64
67 0
70 0
67 0
62 0
67 0
62 0
58 0
62 64
55 0
62 64
50 0
61 64
64 0
67 0
64 0
61 0
64 0
61 0
58 0
61 64
55 0
61 64
50 0
61 64
64 0
67 0
64 0
61 0
64 0
61 0
58 0
61 64
55 0
61 64
50 0
57 64
62 0
65 0
62 0
57 0
62 0
57 0
53 0
57 64
50 0
57 64
48 0
57 64
62 0
65 0
62 0
57 0
62 0
57 0
53 0
57 64
50 0
57 64
46 0
57 64
62 0
65 0
62 0
57 0
62 0
57 0
53 0
57 64
50 0
57 64
45 0
57 64
62 0
65 0
62 0
57 0
62 0
57 0
53 0
57 64
50 0
57 64
44 0
59 64
62 0
65 0
62 0
59 0
62 0
59 0
53 0
59 64
50 0
59 64
44 0
59 64
62 0
65 0
62 0
59 0
62 0
59 0
56 0
59 64
52 0
59 64
45 0
59 64
60 0
64 0
60 0
59 0
60 0
59 0
52 0
59 64
48 0
59 64
45 0
57 64
60 0
64 0
60 0
57 0
60 0
57 0
48 0
57 64
45 0
57 64
41 0
60 64
64 0
69 0
64 0
60 0
64 0
60 0
57 0
60 64
53 0
60 64
50 0
59 64
65 0
69 0
65 0
59 0
65 0
59 0
50 0
59 64
47 0
59 64
40 0
59 64
62 0
68 0
62 0
59 0
62 0
59 0
52 0
59 64
47 0
59 64
40 0
59 64
62 0
68 0
62 0
59 0
62 0
59 0
52 0
59 64
47 0
59 64
40 0
60 64
64 0
69 0
64 0
60 0
64 0
60 0
52 0
60 64
48 0
60 64
40 0
62 64
68 0
71 0
68 0
62 0
68 0
62 0
53 0
62 64
50 0
62 64
40 0
64 64
69 0
72 0
69 0
64 0
69 0
64 0
57 0
64 64
52 0
64 64
40 0
64 64
68 0
74 0
68 0
64 0
68 0
64 0
59 0
64 64
56 0
64 64
40 0
63 64
69 0
72 0
69 0
63 0
69 0
63 0
57 0
63 64
54 0
63 64
40 0
62 64
65 0
71 0
65 0
62 0
65 0
62 0
56 0
62 64
52 0
62 64
40 0
60 64
66 0
69 0
66 0
60 0
66 0
60 0
54 0
60 64
51 0
60 64
40 0
59 64
62 0
69 0
62 0
59 0
62 0
59 0
53 0
59 64
50 0
59 64
40 0
59 64
62 0
68 0
62 0
59 0
62 0
59 0
52 0
59 64
47 0
59 64
40 0
57 64
60 0
66 0
60 0
57 0
60 0
57 0
51 0
57 64
48 0
57 64
40 0
56 64
59 0
65 0
59 0
56 0
59 0
56 0
50 0
56 64
47 0
56 64
40 0
57 64
60 0
64 0
60 0
57 0
60 0
57 0
48 0
57 64
45 0
57 64
40 0
57 64
59 0
62 0
59 0
57 0
59 0
57 0
53 0
57 64
50 0
57 64
40 0
56 64
59 0
62 0
59 0
56 0
59 0
56 0
52 0
56 64
47 0
56 64
45 0
56 64
59 0
62 0
59 0
56 0
59 0
56 0
53 0
56 64
50 0
56 64
45 0
57 64
59 0
62 0
61 0
57 0
61 0
57 0
52 0
57 64
49 0
57 64
45 0
59 64
62 0
68 0
62 0
59 0
62 0
59 0
53 0
59 64
50 0
59 64
45 0
62 64
68 0
71 0
68 0
62 0
68 0
62 0
53 0
62 64
50 0
62 64
45 0
61 64
64 0
69 0
64 0
61 0
64 0
61 0
57 0
61 64
52 0
61 64
45 0
61 64
64 0
67 0
64 0
61 0
64 0
61 0
58 0
61 64
55 0
61 64
45 0
57 64
62 0
65 0
62 0
57 0
62 0
57 0
53 0
57 64
50 0
57 64
45 0
56 64
62 0
65 0
62 0
56 0
62 0
56 0
53 0
56 64
50 0
56 64
45 0
56 64
62 0
65 0
62 0
56 0
62 0
56 0
53 0
56 64
50 0
56 64
45 0
57 64
61 0
64 0
61 0
57 0
61 0
64 0
65 0
62 0
59 0
68 0
61 0
69 0
45 0
52 0
57 0
